0.49063811810339075
0.46155182606602807
0.4448465693493233
0.43782023437023554
0.4364609043371672
0.43647786791234466
0.4358024439417534
0.4367727648527193
0.44381619023477015
0.4609291831459359
0.37493802718009306
0.34581087380468034
0.3290612628106544
0.32219971648098067
0.3212139956541762
0.32156441145903614
0.3208614886629846
0.32164526736093535
0.3285232450614899
0.3454924430072879
0.3231383695968759
0.2941486674370708
0.2774537425429173
0.27089193605743844
0.27076469231465694
0.2723764589178188
0.27059975373498446
0.27064464373947317
0.27722514176855384
0.2940236092342161
0.30384637765013167
0.2746813675030637
0.25773299405534544
0.25088137546609346
0.2504198261189856
0.2514499382173767
0.25033393906304013
0.2507843363592315
0.2576659274756423
0.2746620991399311
0.2939753107023364
0.26613379530405723
0.25096060991850777
0.24575294849424267
0.24700838250791435
0.25049745093369324
0.24702470598117543
0.24580006049592384
0.2510214383545133
0.2661292416366905
0.2886781005343835
0.2651574556695664
0.25237065088657573
0.24734406379610618
0.24797668793590333
0.2502341625987867
0.24793971330626619
0.24735984427735502
0.2524215516049537
0.26521306862034066
0.28246942504463846
0.26262785038480274
0.25071222849859964
0.24432005908124665
0.2416253422790362
0.2410688592643737
0.24159127304108097
0.24430553428103963
0.25072831451322486
0.26265783416880595
0.2746730552704264
0.258397115993489
0.24721480164330956
0.23962614559462736
0.234945919728915
0.23338366199894267
0.23492610799843305
0.2396142750184822
0.2472214278126046
0.25841616405136847
0.2683019939914004
0.2546911392577158
0.24397941000606238
0.23548283016347682
0.22951627232515648
0.2273794940628875
0.22951316900514485
0.2354881672613942
0.24399516240831076
0.2547124504270357
0.26414923797941015
0.25240158742508356
0.24189412650392228
0.2326025909556222
0.22563550039780012
0.2230859959150564
0.22565005704748842
0.23263141382028607
0.2419280842785838
0.252431667951754
0.26217483809318765
0.25168931116394333
0.24119164360072887
0.23112402005139643
0.22323664554949119
0.2203302334302748
0.22326891921102288
0.23117889625353882
0.24124749085476083
0.25173053388363087
0.26205212663452926
0.25240761404745626
0.24181970288367438
0.230966964743061
0.22210466490392378
0.21882651024043298
0.22215450633322575
0.23104876912049122
0.24189791752331757
0.25245988321935897
0.2633630931711366
0.2542858085933517
0.2436029883371873
0.2319824756712876
0.2219919907376493
0.21825711647576895
0.22205989073748356
0.2320912251392997
0.24370188577651675
0.2543475245437037
0.26568485674326325
0.25701474613182995
0.24631579857484098
0.23402246957289208
0.22269128779734615
0.21832115853291612
0.222779369147446
0.23415756967685297
0.24643211416213262
0.2570834413918135
0.2686302742241651
0.26028960590903694
0.2497093407097566
0.23695273715765097
0.22409374367404666
0.21875737991868505
0.2242067323511776
0.23711217532832052
0.2498385084697361
0.26036241024405626
0.27187281693488785
0.26383236308791425
0.25352712939596245
0.24063034757955393
0.22624598723220402
0.21935176234163123
0.22639130500749616
0.24080982037503418
0.2536637452435855
0.2639064099107884
0.27515314662133505
0.2674086135513676
0.2575210066698901
0.24486720236117776
0.22937544170429192
0.2199363498290836
0.2295589151791262
0.24505932396536423
0.25765943852206874
0.2674812834753766
0.27828113255188214
0.27083637412499684
0.2614710726650742
0.2494173248567222
0.2337382907662402
0.2203859592605113
0.233954669382598
0.24961281310464756
0.26160618102719013
0.27090554732257033
0.2811295230697226
0.2739877103411459
0.26520301150696923
0.25400537707338344
0.23924163510102403
0.2206033794027462
0.23946957761754106
0.2541948715829392
0.2653306626092444
0.2740518284801112
0.2836227171112853
0.276782841558429
0.2685923969445696
0.2583786890168369
0.24529938384455363
0.2205419741155481
0.24551455348091622
0.258555029826681
0.2687095870591065
0.2768407998232192
0.2857232670525889
0.2791789913659102
0.27156275975275435
0.2623477860165053
0.24990499138749556
0.23526280969986146
0.25036650033968044
0.2625063230164528
0.2716675618616762
0.2792302588126745
0.2874075374791403
0.28116021360068544
0.2740755280278222
0.26579688330764384
0.24919439780524044
0.24161784160705224
0.2493822730453985
0.26593505215191726
0.2741669257706292
0.2812043847450809
0.28872099493989367
0.2827280695792922
0.27611987229562374
0.26867301160902457
0.2608586712798342
0.24638104471691236
0.26098535443367155
0.2687903967947136
0.27619755043858163
0.2827651123743067
0.28964099709125435
0.28389546246663144
0.27770455111976844
0.2709688289653229
0.26436862969964636
0.25946146971861594
0.2644688128589223
0.271066505792561
0.27776842030274906
0.2839256931124794
0.29020448570699386
0.2846848144488092
0.2788504247779997
0.2727080955110637
0.2670404738161949
0.2633247774129188
0.26711870242718305
0.2727862887434185
0.2789009783898564
0.28470769337209845
0.2904396570445442
0.2851210571083129
0.27958811352172575
0.27393012351757307
0.26896429445659464
0.26601382959350417
0.26902407560757524
0.2739906235019305
0.2796255862644159
0.2851371956265325
0.2903774701274813
0.28523404562204746
0.2799512894703753
0.27468390549901756
0.27024062416131756
0.26777693043223394
0.2702851997930509
0.2747285771405359
0.2799767962358146
0.2852437399952237
0.2900500764141043
0.28505493368390944
0.2799769404716699
0.27502160511542684
0.2709654643920487
0.26881200998545296
0.2709973958453702
0.2750517686766898
0.27999109177378045
0.28505856291343434
0.28948934781300295
0.28461547259584563
0.27970205547171645
0.2749946059011563
0.2712267238065351
0.2692728762262959
0.2712481023278315
0.27501187819220263
0.2797059250962093
0.2846134076473277
0.28872614115744
0.2839465592217607
0.27916298392486283
0.2746515391069124
0.27110051030248883
0.26927947880489
0.2711130232363246
0.2746574410561493
0.27915717845564814
0.2839392081588983
0.2877892910643993
0.2830774418650037
0.27839357283662025
0.2740372101611115
0.27065209349967745
0.26892438937412066
0.27065708911587194
0.27403282521470373
0.2783790692285777
0.2830654047091059
0.2867053969204676
0.2820358670547307
0.2774255408401416
0.27319159012253635
0.2699363742221692
0.2682796576976614
0.26993486115748055
0.2731780649035045
0.2774031177214624
0.28201941484414306
0.2854981688435885
0.2808467434067836
0.27628748111104073
0.27214978603637974
0.2689991067701669
0.26740195847563086
0.2689919793378692
0.27212820955233497
0.2762579550120847
0.2808263232138586
0.28418810689868224
0.2795326076664253
0.2750047809426519
0.27094247936193483
0.2678778029787168
0.2663342542249154
0.26786570185686287
0.27091359737016774
0.274968822581684
0.2795085965433941
0.282793235336527
0.278113021497262
0.2735999199454682
0.2695959281662681
0.2666034957535146
0.2651110840560591
0.26658700036708183
0.26956058769991387
0.27355812861577533
0.27808568561613356
0.2813285606341367
0.27660509765388497
0.27209207838183147
0.268132236130441
0.26520136154172747
0.26375821980090564
0.26518086432199084
0.26809102109498895
0.2720450058560857
0.27657477450179613
0.27980651935521905
0.27502328537192966
0.27049742668964427
0.26656970242973443
0.26369173030246884
0.2622967685162223
0.2636675273683693
0.26652314392424614
0.2704454662392948
0.2749902219782996
0.27823707392070673
0.2733794287661908
0.26882961413241446
0.26492344357072284
0.262090855694737
0.26074277562310044
0.26206332715116787
0.26487198991787864
0.268773325636289
0.27334398015267425
