0.25858725669323235
0.2286859188583037
0.20648396527570867
0.191317317767556
0.18222667292155847
0.17893723655899407
0.18160036496038856
0.19029443798757484
0.2054502347859568
0.22804511451784037
0.13692561341912324
0.1090339536270335
0.08837899675094718
0.07444825407702638
0.0663217852775233
0.06351821610638808
0.06599945066918167
0.07391765151450613
0.08783648813570721
0.10869380598927592
0.08055686724401312
0.05502777624198529
0.03611421990652275
0.023464091184393965
0.016252699696167383
0.013867185753809963
0.016128458020631342
0.02325459826110432
0.0358918675638904
0.05488272032846453
0.059915624597607575
0.036869965045582376
0.019776578870136063
0.008400026409020711
0.0020319057930464623
0.0
0.0020359802607856636
0.008398614304695684
0.019761455090986146
0.0368505722882162
0.05882121203498514
0.03819458268603171
0.022902393432445933
0.012756343576000972
0.00716034922541553
0.00543019763156849
0.007246239874433513
0.012887593771040429
0.02301926778235952
0.03825489224280432
0.06822438662885588
0.049811341596068814
0.03622697444367873
0.027247356539817247
0.022363437329460112
0.02089763047953852
0.022499913905306812
0.027460601701193355
0.036425393544504914
0.049920745866558036
0.08297470350080971
0.06648190667129938
0.054472121994564304
0.04659048912594699
0.042372404426316734
0.0411454358432195
0.04253839146849714
0.04685155242063388
0.05471807603134948
0.06661986588440527
0.1000818471782452
0.08518698178332329
0.07461361696917379
0.06776871084795744
0.06418138633893022
0.06317542284671163
0.06436248782972598
0.06805429125950013
0.07488391805387096
0.08533949173462929
0.11776987619094825
0.10417429268471778
0.0949171669380462
0.08905836331911132
0.08607274673695997
0.08527373133202332
0.08625896404612377
0.08935233290972633
0.0951957821015128
0.10433164836371134
0.13497204698450105
0.12243697722070124
0.114401184946189
0.1094864261723103
0.10707491106805378
0.10646976761569249
0.10725922688260425
0.10977751594387541
0.11467695932032029
0.12259244061138475
0.15106025107223786
0.1394220639611774
0.1325328887392061
0.128525031949124
0.12665944900251702
0.12623395789870528
0.12683693267112517
0.1288053422275084
0.1327980848666641
0.13957104201818993
0.16569248278352688
0.1548571461922279
0.14904823882577034
0.14591220329077714
0.14456524547716754
0.14430224430847716
0.14473243027666172
0.14617614490751407
0.1492975163185406
0.15499661830534706
0.17871841692215185
0.16864036200061605
0.1638400561575395
0.16154029603958975
0.1606915234592634
0.16056940132918385
0.16084592643466067
0.1617837615844735
0.16406971648748936
0.16876844008081093
0.1901140588358885
0.1807690032279936
0.17688855027020622
0.17538376891857865
0.17503013160720116
0.1750223970117304
0.17516981901204076
0.1756034971802194
0.17709602559540372
0.18088459085439013
0.1999331855388391
0.19129513106665286
0.1882211192823604
0.1874527728577391
0.18762023589246724
0.18769951313925048
0.18774327204323527
0.18764597712433329
0.1884046877708272
0.19139768005129554
0.20827305241141403
0.2003004287668375
0.19789364736152493
0.19776874356884377
0.1985102019438898
0.19866709646782965
0.1986138738556349
0.19793303590148525
0.19805235034394286
0.20038979704344229
0.21525141977804196
0.2078836891431024
0.20598425861112446
0.20636029110698928
0.20771025431329804
0.20800743797775567
0.20779035258593126
0.20649416604692306
0.20611788991027424
0.20796003269290964
0.22099305822254678
0.2141538465039332
0.2125912299869981
0.21327546667953357
0.21514908857642467
0.2158126225895387
0.21520140705885638
0.21337875244907423
0.21270029278301195
0.2142175556058703
0.22562174536611224
0.21922458556736046
0.2178293070800521
0.21859698271813954
0.22071851988124536
0.22224190607522587
0.2207426093899869
0.2186709864937484
0.21791487427071843
0.21927620538528458
0.22925508387524474
0.2232089732239615
0.22182264083571113
0.22244697233401212
0.22441898957060857
0.2272078608266952
0.2244197936703074
0.22249429655428798
0.2218861295756085
0.2232491049431644
0.23200095311938185
0.2262145243927307
0.22469718448908793
0.22497767955263726
0.22550362081332764
0.21231242456104837
0.22569451604937285
0.22500156168496233
0.22474014977524348
0.22624380755772222
0.2339521551741086
0.22834017408499108
0.2265743641837048
0.22635493455985056
0.21931265934389899
0.21106166488598888
0.21937636286992301
0.22635846594266695
0.22659829794156394
0.2283592060949502
0.23520487968139037
0.22967524546652385
0.22756723136720325
0.22674222845358827
0.22653858795698056
0.20950076355487113
0.2265073085191318
0.2267283633453019
0.22757365867994395
0.22968451329913364
0.23582221958940863
0.230300069742583
0.2277797426531265
0.22629112103146554
0.22518909776272267
0.22425194680900518
0.22515443030212623
0.2262625138765486
0.22776995391294008
0.23030018907795125
0.23587406233346542
0.23028829376454496
0.22730648832938982
0.22513762445996122
0.22319289169783474
0.22138263513508605
0.22315587866799547
0.2250957128742357
0.22728188852133258
0.23027947410039928
0.23541999078099707
0.22970695792503193
0.22623496720754588
0.22339911921022804
0.22070593526331095
0.2182381613879727
0.22066706626173982
0.2233457307767992
0.22619617879675502
0.229689727049049
0.23451474971002995
0.228619144975454
0.22464365077394177
0.2211773422449994
0.21784580041011736
0.2149088576797169
0.21780501515081596
0.2211137207422098
0.22459205365495905
0.2285939853034904
0.23320914914202717
0.22708392877535744
0.2226051071686186
0.2185586837213691
0.2147008355618425
0.21145018937056648
0.21465796726141662
0.21848582365018387
0.2225416669013498
0.22705129450059758
0.2315504660042791
0.2251567139473991
0.22018485525242681
0.21561605520423655
0.21133741437543563
0.20789694538643744
0.21129212407063847
0.21553476251571624
0.22011049800522642
0.22511708876874081
0.22958259398612313
0.22288898984595562
0.21744163783230874
0.21241042871577065
0.20780536825665763
0.20427140430535928
0.20775738900294982
0.21232137724504696
0.21735734693459108
0.22284285893624656
0.22734591802694126
0.22032809894537309
0.2144276136585006
0.20899249875370174
0.20414231592374676
0.20058800016877854
0.2040914460965837
0.2088963327208262
0.21433421912738027
0.2202759240211094
0.2248772146344038
0.21751704625475554
0.211188634176267
0.20540439419116296
0.2003769571618932
0.19685634896811166
0.20032289607868847
0.20530152106348964
0.21108685033684083
0.21745932212613184
0.22220945566090222
0.21449440985071533
0.2077644416451392
0.20168049577830516
0.19653108954153709
0.19308326028544798
0.19647371232628075
0.20157139628034315
0.20765504662048784
0.2144315482093191
0.21937180992242133
0.21129426564425557
0.20418917139625137
0.19784901078395478
0.19262164888576194
0.18927319701819556
0.19256086133793815
0.19773403803824863
0.20407274914165896
0.21122669377612624
0.21638990784225598
0.20794630187080543
0.200491835015697
0.19393309627383815
0.18866163108617684
0.18542983251086298
0.18859735919002674
0.19381252558153506
0.20036896658263004
0.2078743570714039
0.21328576543464806
0.2044761361154599
0.19669677644131411
0.18995131070047933
0.18466118868971648
0.1815554565874038
0.18459341013826247
0.18982544266111745
0.19656795482254097
0.20440016046833875
0.21007823826064964
0.20090559295982757
0.1928242330645844
0.18591857777110476
0.18062819587439094
0.17765228263695576
0.18055690782250622
0.18578765319847435
0.1926898931471328
0.2008258794639346
0.20678311739052901
0.19725299772622407
0.18889093500550302
0.18184681390530955
0.1765685814768574
0.1737218945114023
0.17649384389042666
0.18171103900772323
0.18875144521544485
0.19716979921594202
