0.7
0.7999999999999999
0.8999999999999999
0.9999999999999999
1.0999999999999999
1.1999999999999997
1.2999999999999998
1.4
1.4999999999999998
1.5999999999999996
1.6999999999999997
1.7999999999999996
1.8999999999999997
1.9999999999999998
2.0999999999999996
2.1999999999999993
2.3
2.3999999999999995
2.4999999999999996
2.5999999999999996
2.6999999999999993
2.8
2.8999999999999995
2.999999999999999
3.0999999999999996
3.1999999999999993
3.3
3.3999999999999995
3.499999999999999
3.5999999999999996
3.6999999999999993
3.799999999999999
3.8999999999999995
3.999999999999999
4.1
4.199999999999999
4.299999999999999
4.3999999999999995
