3.297367660830956559e-01
3.224908999719501290e-01
3.168310089273792540e-01
3.127570929493830310e-01
3.102691520379615153e-01
3.093671861931146516e-01
3.100511954148424398e-01
3.123211797031448800e-01
3.161771390580219721e-01
3.216190734794737160e-01
1.376028988622630123e-01
1.303570327511174853e-01
1.246971417065466103e-01
1.206232257285504150e-01
1.181352848171288716e-01
1.172333189722819941e-01
1.179173281940097823e-01
1.201873124823122363e-01
1.240432718371893284e-01
1.294852062586411001e-01
4.698185276690344803e-02
3.973598665575792110e-02
3.407609561118705999e-02
3.000217963319086120e-02
2.751423872176932475e-02
2.661227287692244717e-02
2.729628209865022845e-02
2.956626638695267553e-02
3.342222574182977801e-02
3.886416016328154976e-02
1.562774588910468762e-02
8.381879777959162434e-03
2.721988733388303050e-03
-1.351927244607899203e-03
-3.839868156029437821e-03
-4.741834000876314972e-03
-4.057824779148531957e-03
-1.787840490846086608e-03
2.068118864031021076e-03
7.510053285482787624e-03
1.740612469609598145e-02
1.016025858495045800e-02
4.500367540379596881e-03
4.264515623833963626e-04
-2.061489349038142689e-03
-2.963455193885021141e-03
-2.279445972157237259e-03
-9.461683854791909376e-06
3.846497671022314907e-03
9.288432092474083190e-03
3.639032644642241354e-02
2.914446033527688315e-02
2.348456929070602203e-02
1.941065331270981978e-02
1.692271240128827986e-02
1.602074655644140228e-02
1.670475577816918702e-02
1.897474006647163411e-02
2.283069942134874006e-02
2.827263384280050487e-02
6.307802563545258923e-02
5.583215952430706230e-02
5.017226847973620119e-02
4.609835250174000587e-02
4.361041159031846248e-02
4.270844574547158490e-02
4.339245496719937312e-02
4.566243925550181326e-02
4.951839861037891921e-02
5.496033303183069096e-02
9.197455198980755697e-02
8.472868587866203005e-02
7.906879483409116893e-02
7.499487885609497362e-02
7.250693794467343023e-02
7.160497209982655265e-02
7.228898132155434086e-02
7.455896560985678101e-02
7.841492496473388696e-02
8.385685938618565871e-02
1.200557729992612621e-01
1.128099068881157213e-01
1.071500158435448602e-01
1.030760998655486649e-01
1.005881589541271215e-01
9.968619310928024391e-02
1.003702023310080321e-01
1.026401866193104723e-01
1.064961459741875782e-01
1.119380803956393500e-01
1.457957722326479189e-01
1.385499061215023919e-01
1.328900150769315447e-01
1.288160990989353494e-01
1.263281581875138060e-01
1.254261923426669145e-01
1.261102015643947027e-01
1.283801858526971429e-01
1.322361452075742627e-01
1.376780796290260345e-01
1.685561975954525116e-01
1.613103314843069847e-01
1.556504404397361374e-01
1.515765244617399421e-01
1.490885835503183987e-01
1.481866177054715072e-01
1.488706269271992955e-01
1.511406112155017356e-01
1.549965705703788554e-01
1.604385049918306272e-01
1.882063899507032123e-01
1.809605238395576854e-01
1.753006327949868381e-01
1.712267168169906428e-01
1.687387759055690994e-01
1.678368100607222080e-01
1.685208192824499962e-01
1.707908035707524363e-01
1.746467629256295562e-01
1.800886973470813279e-01
2.048901047793180163e-01
1.976442386681724894e-01
1.919843476236016422e-01
1.879104316456054469e-01
1.854224907341839035e-01
1.845205248893370120e-01
1.852045341110648002e-01
1.874745183993672404e-01
1.913304777542443602e-01
1.967724121756961320e-01
2.188848038415609765e-01
2.116389377304154495e-01
2.059790466858446023e-01
2.019051307078484070e-01
1.994171897964268636e-01
1.985152239515799721e-01
1.991992331733077604e-01
2.014692174616102005e-01
2.053251768164873203e-01
2.107671112379390921e-01
2.305189524381295318e-01
2.232730863269840049e-01
2.176131952824131577e-01
2.135392793044169624e-01
2.110513383929954190e-01
2.101493725481485275e-01
2.108333817698763157e-01
2.131033660581787559e-01
2.169593254130558757e-01
2.224012598345076475e-01
2.401252909635672450e-01
2.328794248524217181e-01
2.272195338078508708e-01
2.231456178298546755e-01
2.206576769184331321e-01
2.197557110735862407e-01
2.204397202953140289e-01
2.227097045836164690e-01
2.265656639384935889e-01
2.320075983599453606e-01
2.480161061045131343e-01
2.407702399933675796e-01
2.351103489487967324e-01
2.310364329708005371e-01
2.285484920593789937e-01
2.276465262145321022e-01
2.283305354362598905e-01
2.306005197245623306e-01
2.344564790794394504e-01
2.398984135008912222e-01
2.544716933018587590e-01
2.472258271907132321e-01
2.415659361461423571e-01
2.374920201681461618e-01
2.350040792567246184e-01
2.341021134118777269e-01
2.347861226336055152e-01
2.370561069219079553e-01
2.409120662767850751e-01
2.463540006982368191e-01
2.597365045059361055e-01
2.524906383947905786e-01
2.468307473502197036e-01
2.427568313722235083e-01
2.402688904608019649e-01
2.393669246159550734e-01
2.400509338376828616e-01
2.423209181259853018e-01
2.461768774808624216e-01
2.516188119023141656e-01
2.640195777445211167e-01
2.567737116333755898e-01
2.511138205888047148e-01
2.470399046108084917e-01
2.445519636993869761e-01
2.436499978545401124e-01
2.443340070762679006e-01
2.466039913645703407e-01
2.504599507194474328e-01
2.559018851408991768e-01
2.674971766317779109e-01
2.602513105206323840e-01
2.545914194760615090e-01
2.505175034980652859e-01
2.480295625866437703e-01
2.471275967417969066e-01
2.478116059635246948e-01
2.500815902518271350e-01
2.539375496067042270e-01
2.593794840281559710e-01
2.703164056092626222e-01
2.630705394981170953e-01
2.574106484535462203e-01
2.533367324755499972e-01
2.508487915641284816e-01
2.499468257192816179e-01
2.506308349410094061e-01
2.529008192293118462e-01
2.567567785841889383e-01
2.621987130056406823e-01
2.725990889376902482e-01
2.653532228265447213e-01
2.596933317819738463e-01
2.556194158039776232e-01
2.531314748925561076e-01
2.522295090477092439e-01
2.529135182694370321e-01
2.551835025577394722e-01
2.590394619126165643e-01
2.644813963340683083e-01
2.744455231139853457e-01
2.671996570028398188e-01
2.615397659582689438e-01
2.574658499802727207e-01
2.549779090688512051e-01
2.540759432240043414e-01
2.547599524457321296e-01
2.570299367340345698e-01
2.608858960889116618e-01
2.663278305103634058e-01
2.759379072186053383e-01
2.686920411074598114e-01
2.630321500628889364e-01
2.589582340848927133e-01
2.564702931734711977e-01
2.555683273286243340e-01
2.562523365503521222e-01
2.585223208386545624e-01
2.623782801935316544e-01
2.678202146149833984e-01
2.771433709181256866e-01
2.698975048069801597e-01
2.642376137624092847e-01
2.601636977844130616e-01
2.576757568729915460e-01
2.567737910281446823e-01
2.574578002498724705e-01
2.597277845381749106e-01
2.635837438930520027e-01
2.690256783145037467e-01
2.781165855778828244e-01
2.708707194667372975e-01
2.652108284221664225e-01
2.611369124441701994e-01
2.586489715327486838e-01
2.577470056879018201e-01
2.584310149096296083e-01
2.607009991979320485e-01
2.645569585528091405e-01
2.699988929742608845e-01
2.789019793056089491e-01
2.716561131944634222e-01
2.659962221498925472e-01
2.619223061718963241e-01
2.594343652604748085e-01
2.585323994156279448e-01
2.592164086373557330e-01
2.614863929256581732e-01
2.653423522805352652e-01
2.707842867019870092e-01
2.795355938224313164e-01
2.722897277112857894e-01
2.666298366667149145e-01
2.625559206887186914e-01
2.600679797772971757e-01
2.591660139324503120e-01
2.598500231541781003e-01
2.621200074424805404e-01
2.659759667973576325e-01
2.714179012188093765e-01
2.800466274033068803e-01
2.728007612921613534e-01
2.671408702475904784e-01
2.630669542695942553e-01
2.605790133581727397e-01
2.596770475133258760e-01
2.603610567350536642e-01
2.626310410233561043e-01
2.664870003782331964e-01
2.719289347996849404e-01
2.804587084306873201e-01
2.732128423195417932e-01
2.675529512749709182e-01
2.634790352969746952e-01
2.609910943855531795e-01
2.600891285407063158e-01
2.607731377624341040e-01
2.630431220507365442e-01
2.668990814056136363e-01
2.723410158270653803e-01
2.807909412255726322e-01
2.735450751144271053e-01
2.678851840698562303e-01
2.638112680918600073e-01
2.613233271804384916e-01
2.604213613355916279e-01
2.611053705573194161e-01
2.633753548456218563e-01
2.672313142004989484e-01
2.726732486219506923e-01
2.810587614731113182e-01
2.738128953619657913e-01
2.681530043173949163e-01
2.640790883393986932e-01
2.615911474279771776e-01
2.606891815831303139e-01
2.613731908048581021e-01
2.636431750931605422e-01
2.674991344480376343e-01
2.729410688694893783e-01
2.812746337419331222e-01
2.740287676307875953e-01
2.683688765862167203e-01
2.642949606082204972e-01
2.618070196967989816e-01
2.609050538519521178e-01
2.615890630736799061e-01
2.638590473619823462e-01
2.677150067168594383e-01
2.731569411383111823e-01
2.814486188606761807e-01
2.742027527495306538e-01
2.685428617049597788e-01
2.644689457269635557e-01
2.619810048155420401e-01
2.610790389706951764e-01
2.617630481924229646e-01
2.640330324807254048e-01
2.678889918356024968e-01
2.733309262570542408e-01
2.815888345453738673e-01
2.743429684342283403e-01
2.686830773896574653e-01
2.646091614116612423e-01
2.621212205002397266e-01
2.612192546553928629e-01
2.619032638771206511e-01
2.641732481654230913e-01
2.680292075203001834e-01
2.734711419417519274e-01
2.817018287909220930e-01
2.744559626797765661e-01
2.687960716352056911e-01
2.647221556572094681e-01
2.622342147457879524e-01
2.613322489009410887e-01
2.620162581226688769e-01
2.642862424109713171e-01
2.681422017658484092e-01
2.735841361873001532e-01
2.817928821799123296e-01
2.745470160687668026e-01
2.688871250241959276e-01
2.648132090461997046e-01
2.623252681347781889e-01
2.614233022899313252e-01
2.621073115116591135e-01
2.643772957999615536e-01
2.682332551548386457e-01
2.736751895762903897e-01
