4.208021467020564566e-02
3.366417173616451791e-02
2.524812880212338670e-02
1.683208586808225896e-02
8.416042934041129478e-03
-0.000000000000000000e+00
-8.416042934041129478e-03
-1.683208586808225896e-02
-2.524812880212338670e-02
-3.366417173616451791e-02
4.208021467020564566e-02
3.366417173616451791e-02
2.524812880212338670e-02
1.683208586808225896e-02
8.416042934041129478e-03
-0.000000000000000000e+00
-8.416042934041129478e-03
-1.683208586808225896e-02
-2.524812880212338670e-02
-3.366417173616451791e-02
4.208021467020564566e-02
3.366417173616451791e-02
2.524812880212338670e-02
1.683208586808225896e-02
8.416042934041129478e-03
-0.000000000000000000e+00
-8.416042934041129478e-03
-1.683208586808225896e-02
-2.524812880212338670e-02
-3.366417173616451791e-02
4.208021467020564566e-02
3.366417173616451791e-02
2.524812880212338670e-02
1.683208586808225896e-02
8.416042934041129478e-03
-0.000000000000000000e+00
-8.416042934041129478e-03
-1.683208586808225896e-02
-2.524812880212338670e-02
-3.366417173616451791e-02
4.208021467020564566e-02
3.366417173616451791e-02
2.524812880212338670e-02
1.683208586808225896e-02
8.416042934041129478e-03
-0.000000000000000000e+00
-8.416042934041129478e-03
-1.683208586808225896e-02
-2.524812880212338670e-02
-3.366417173616451791e-02
4.208021467020564566e-02
3.366417173616451791e-02
2.524812880212338670e-02
1.683208586808225896e-02
8.416042934041129478e-03
-0.000000000000000000e+00
-8.416042934041129478e-03
-1.683208586808225896e-02
-2.524812880212338670e-02
-3.366417173616451791e-02
4.208021467020564566e-02
3.366417173616451791e-02
2.524812880212338670e-02
1.683208586808225896e-02
8.416042934041129478e-03
-0.000000000000000000e+00
-8.416042934041129478e-03
-1.683208586808225896e-02
-2.524812880212338670e-02
-3.366417173616451791e-02
4.208021467020564566e-02
3.366417173616451791e-02
2.524812880212338670e-02
1.683208586808225896e-02
8.416042934041129478e-03
-0.000000000000000000e+00
-8.416042934041129478e-03
-1.683208586808225896e-02
-2.524812880212338670e-02
-3.366417173616451791e-02
4.208021467020564566e-02
3.366417173616451791e-02
2.524812880212338670e-02
1.683208586808225896e-02
8.416042934041129478e-03
-0.000000000000000000e+00
-8.416042934041129478e-03
-1.683208586808225896e-02
-2.524812880212338670e-02
-3.366417173616451791e-02
4.208021467020564566e-02
3.366417173616451791e-02
2.524812880212338670e-02
1.683208586808225896e-02
8.416042934041129478e-03
-0.000000000000000000e+00
-8.416042934041129478e-03
-1.683208586808225896e-02
-2.524812880212338670e-02
-3.366417173616451791e-02
4.208021467020564566e-02
3.366417173616451791e-02
2.524812880212338670e-02
1.683208586808225896e-02
8.416042934041129478e-03
-0.000000000000000000e+00
-8.416042934041129478e-03
-1.683208586808225896e-02
-2.524812880212338670e-02
-3.366417173616451791e-02
4.208021467020564566e-02
3.366417173616451791e-02
2.524812880212338670e-02
1.683208586808225896e-02
8.416042934041129478e-03
-0.000000000000000000e+00
-8.416042934041129478e-03
-1.683208586808225896e-02
-2.524812880212338670e-02
-3.366417173616451791e-02
4.208021467020564566e-02
3.366417173616451791e-02
2.524812880212338670e-02
1.683208586808225896e-02
8.416042934041129478e-03
-0.000000000000000000e+00
-8.416042934041129478e-03
-1.683208586808225896e-02
-2.524812880212338670e-02
-3.366417173616451791e-02
4.208021467020564566e-02
3.366417173616451791e-02
2.524812880212338670e-02
1.683208586808225896e-02
8.416042934041129478e-03
-0.000000000000000000e+00
-8.416042934041129478e-03
-1.683208586808225896e-02
-2.524812880212338670e-02
-3.366417173616451791e-02
4.208021467020564566e-02
3.366417173616451791e-02
2.524812880212338670e-02
1.683208586808225896e-02
8.416042934041129478e-03
-0.000000000000000000e+00
-8.416042934041129478e-03
-1.683208586808225896e-02
-2.524812880212338670e-02
-3.366417173616451791e-02
4.208021467020564566e-02
3.366417173616451791e-02
2.524812880212338670e-02
1.683208586808225896e-02
8.416042934041129478e-03
-0.000000000000000000e+00
-8.416042934041129478e-03
-1.683208586808225896e-02
-2.524812880212338670e-02
-3.366417173616451791e-02
4.208021467020564566e-02
3.366417173616451791e-02
2.524812880212338670e-02
1.683208586808225896e-02
8.416042934041129478e-03
-0.000000000000000000e+00
-8.416042934041129478e-03
-1.683208586808225896e-02
-2.524812880212338670e-02
-3.366417173616451791e-02
4.208021467020564566e-02
3.366417173616451791e-02
2.524812880212338670e-02
1.683208586808225896e-02
8.416042934041129478e-03
-0.000000000000000000e+00
-8.416042934041129478e-03
-1.683208586808225896e-02
-2.524812880212338670e-02
-3.366417173616451791e-02
4.208021467020564566e-02
3.366417173616451791e-02
2.524812880212338670e-02
1.683208586808225896e-02
8.416042934041129478e-03
-0.000000000000000000e+00
-8.416042934041129478e-03
-1.683208586808225896e-02
-2.524812880212338670e-02
-3.366417173616451791e-02
4.208021467020564566e-02
3.366417173616451791e-02
2.524812880212338670e-02
1.683208586808225896e-02
8.416042934041129478e-03
-0.000000000000000000e+00
-8.416042934041129478e-03
-1.683208586808225896e-02
-2.524812880212338670e-02
-3.366417173616451791e-02
4.208021467020564566e-02
3.366417173616451791e-02
2.524812880212338670e-02
1.683208586808225896e-02
8.416042934041129478e-03
-0.000000000000000000e+00
-8.416042934041129478e-03
-1.683208586808225896e-02
-2.524812880212338670e-02
-3.366417173616451791e-02
4.208021467020564566e-02
3.366417173616451791e-02
2.524812880212338670e-02
1.683208586808225896e-02
8.416042934041129478e-03
-0.000000000000000000e+00
-8.416042934041129478e-03
-1.683208586808225896e-02
-2.524812880212338670e-02
-3.366417173616451791e-02
4.208021467020564566e-02
3.366417173616451791e-02
2.524812880212338670e-02
1.683208586808225896e-02
8.416042934041129478e-03
-0.000000000000000000e+00
-8.416042934041129478e-03
-1.683208586808225896e-02
-2.524812880212338670e-02
-3.366417173616451791e-02
4.208021467020564566e-02
3.366417173616451791e-02
2.524812880212338670e-02
1.683208586808225896e-02
8.416042934041129478e-03
-0.000000000000000000e+00
-8.416042934041129478e-03
-1.683208586808225896e-02
-2.524812880212338670e-02
-3.366417173616451791e-02
4.208021467020564566e-02
3.366417173616451791e-02
2.524812880212338670e-02
1.683208586808225896e-02
8.416042934041129478e-03
-0.000000000000000000e+00
-8.416042934041129478e-03
-1.683208586808225896e-02
-2.524812880212338670e-02
-3.366417173616451791e-02
4.208021467020564566e-02
3.366417173616451791e-02
2.524812880212338670e-02
1.683208586808225896e-02
8.416042934041129478e-03
-0.000000000000000000e+00
-8.416042934041129478e-03
-1.683208586808225896e-02
-2.524812880212338670e-02
-3.366417173616451791e-02
4.208021467020564566e-02
3.366417173616451791e-02
2.524812880212338670e-02
1.683208586808225896e-02
8.416042934041129478e-03
-0.000000000000000000e+00
-8.416042934041129478e-03
-1.683208586808225896e-02
-2.524812880212338670e-02
-3.366417173616451791e-02
4.208021467020564566e-02
3.366417173616451791e-02
2.524812880212338670e-02
1.683208586808225896e-02
8.416042934041129478e-03
-0.000000000000000000e+00
-8.416042934041129478e-03
-1.683208586808225896e-02
-2.524812880212338670e-02
-3.366417173616451791e-02
4.208021467020564566e-02
3.366417173616451791e-02
2.524812880212338670e-02
1.683208586808225896e-02
8.416042934041129478e-03
-0.000000000000000000e+00
-8.416042934041129478e-03
-1.683208586808225896e-02
-2.524812880212338670e-02
-3.366417173616451791e-02
4.208021467020564566e-02
3.366417173616451791e-02
2.524812880212338670e-02
1.683208586808225896e-02
8.416042934041129478e-03
-0.000000000000000000e+00
-8.416042934041129478e-03
-1.683208586808225896e-02
-2.524812880212338670e-02
-3.366417173616451791e-02
4.208021467020564566e-02
3.366417173616451791e-02
2.524812880212338670e-02
1.683208586808225896e-02
8.416042934041129478e-03
-0.000000000000000000e+00
-8.416042934041129478e-03
-1.683208586808225896e-02
-2.524812880212338670e-02
-3.366417173616451791e-02
4.208021467020564566e-02
3.366417173616451791e-02
2.524812880212338670e-02
1.683208586808225896e-02
8.416042934041129478e-03
-0.000000000000000000e+00
-8.416042934041129478e-03
-1.683208586808225896e-02
-2.524812880212338670e-02
-3.366417173616451791e-02
4.208021467020564566e-02
3.366417173616451791e-02
2.524812880212338670e-02
1.683208586808225896e-02
8.416042934041129478e-03
-0.000000000000000000e+00
-8.416042934041129478e-03
-1.683208586808225896e-02
-2.524812880212338670e-02
-3.366417173616451791e-02
4.208021467020564566e-02
3.366417173616451791e-02
2.524812880212338670e-02
1.683208586808225896e-02
8.416042934041129478e-03
-0.000000000000000000e+00
-8.416042934041129478e-03
-1.683208586808225896e-02
-2.524812880212338670e-02
-3.366417173616451791e-02
4.208021467020564566e-02
3.366417173616451791e-02
2.524812880212338670e-02
1.683208586808225896e-02
8.416042934041129478e-03
-0.000000000000000000e+00
-8.416042934041129478e-03
-1.683208586808225896e-02
-2.524812880212338670e-02
-3.366417173616451791e-02
4.208021467020564566e-02
3.366417173616451791e-02
2.524812880212338670e-02
1.683208586808225896e-02
8.416042934041129478e-03
-0.000000000000000000e+00
-8.416042934041129478e-03
-1.683208586808225896e-02
-2.524812880212338670e-02
-3.366417173616451791e-02
4.208021467020564566e-02
3.366417173616451791e-02
2.524812880212338670e-02
1.683208586808225896e-02
8.416042934041129478e-03
-0.000000000000000000e+00
-8.416042934041129478e-03
-1.683208586808225896e-02
-2.524812880212338670e-02
-3.366417173616451791e-02
4.208021467020564566e-02
3.366417173616451791e-02
2.524812880212338670e-02
1.683208586808225896e-02
8.416042934041129478e-03
-0.000000000000000000e+00
-8.416042934041129478e-03
-1.683208586808225896e-02
-2.524812880212338670e-02
-3.366417173616451791e-02
