2.849537528953489662e-01
2.695868480098940201e-01
2.576775175209167212e-01
2.492257614284171252e-01
2.442315797323952320e-01
2.426949724328509861e-01
2.446159395297843875e-01
2.499944810231954917e-01
2.588305969130842987e-01
2.711242871994506975e-01
2.745010898604072214e-01
2.591341849749522752e-01
2.472248544859749764e-01
2.387730983934753803e-01
2.337789166974534871e-01
2.322423093979092412e-01
2.341632764948426426e-01
2.395418179882537468e-01
2.483779338781425539e-01
2.606716241645089527e-01
2.684590680543532115e-01
2.530921631688982654e-01
2.411828326799209665e-01
2.327310765874213705e-01
2.277368948913994773e-01
2.262002875918552314e-01
2.281212546887886328e-01
2.334997961821997370e-01
2.423359120720884885e-01
2.546296023584549983e-01
2.649802838598044330e-01
2.496133789743494868e-01
2.377040484853721880e-01
2.292522923928725920e-01
2.242581106968506988e-01
2.227215033973064529e-01
2.246424704942398543e-01
2.300210119876509585e-01
2.388571278775397655e-01
2.511508181639061643e-01
2.629817841217855223e-01
2.476148792363305762e-01
2.357055487473532773e-01
2.272537926548536813e-01
2.222596109588317881e-01
2.207230036592875422e-01
2.226439707562209436e-01
2.280225122496320478e-01
2.368586281395208548e-01
2.491523184258872536e-01
2.618351378820870656e-01
2.464682329966321195e-01
2.345589025076548206e-01
2.261071464151552246e-01
2.211129647191333314e-01
2.195763574195890855e-01
2.214973245165224869e-01
2.268758660099335911e-01
2.357119818998223426e-01
2.480056721861888525e-01
2.611777219699337738e-01
2.458108170844788276e-01
2.339014865955015288e-01
2.254497305030019327e-01
2.204555488069800395e-01
2.189189415074357936e-01
2.208399086043691950e-01
2.262184500977802992e-01
2.350545659876690507e-01
2.473482562740355606e-01
2.608009564477202780e-01
2.454340515622653318e-01
2.335247210732880330e-01
2.250729649807884369e-01
2.200787832847665437e-01
2.185421759852222978e-01
2.204631430821556992e-01
2.258416845755668034e-01
2.346778004654556105e-01
2.469714907518220093e-01
2.605850830027965914e-01
2.452181781173416453e-01
2.333088476283643464e-01
2.248570915358647504e-01
2.198629098398428572e-01
2.183263025402986113e-01
2.202472696372320127e-01
2.256258111306431169e-01
2.344619270205319239e-01
2.467556173068983227e-01
2.604614118507289078e-01
2.450945069652739616e-01
2.331851764762966628e-01
2.247334203837970668e-01
2.197392386877751735e-01
2.182026313882309276e-01
2.201235984851643290e-01
2.255021399785754332e-01
2.343382558684642403e-01
2.466319461548306391e-01
2.603905677198976587e-01
2.450236628344427126e-01
2.331143323454654137e-01
2.246625762529658177e-01
2.196683945569439245e-01
2.181317872573996786e-01
2.200527543543330800e-01
2.254312958477441842e-01
2.342674117376329912e-01
2.465611020239993900e-01
2.603499869726738081e-01
2.449830820872188619e-01
2.330737515982415631e-01
2.246219955057419670e-01
2.196278138097200738e-01
2.180912065101758279e-01
2.200121736071092293e-01
2.253907151005203335e-01
2.342268309904090851e-01
2.465205212767755949e-01
2.603267422084445948e-01
2.449598373229896486e-01
2.330505068340123498e-01
2.245987507415127538e-01
2.196045690454908605e-01
2.180679617459466146e-01
2.199889288428800160e-01
2.253674703362911202e-01
2.342035862261798718e-01
2.464972765125463816e-01
2.603134277373679861e-01
2.449465228519130400e-01
2.330371923629357411e-01
2.245854362704361451e-01
2.195912545744142519e-01
2.180546472748700060e-01
2.199756143718034074e-01
2.253541558652145116e-01
2.341902717551033186e-01
2.464839620414697174e-01
2.603058013464221720e-01
2.449388964609672259e-01
2.330295659719899271e-01
2.245778098794903310e-01
2.195836281834684378e-01
2.180470208839241919e-01
2.199679879808575933e-01
2.253465294742686975e-01
2.341826453641574490e-01
2.464763356505239589e-01
2.603014330496801199e-01
2.449345281642251737e-01
2.330251976752478749e-01
2.245734415827482788e-01
2.195792598867263856e-01
2.180426525871821397e-01
2.199636196841155411e-01
2.253421611775266453e-01
2.341782770674154524e-01
2.464719673537818512e-01
2.602989309534360363e-01
2.449320260679810901e-01
2.330226955790037913e-01
2.245709394865041952e-01
2.195767577904823020e-01
2.180401504909380561e-01
2.199611175878714575e-01
2.253396590812825617e-01
2.341757749711713688e-01
2.464694652575377676e-01
2.602974977916892030e-01
2.449305929062342568e-01
2.330212624172569580e-01
2.245695063247573620e-01
2.195753246287354687e-01
2.180387173291912228e-01
2.199596844261246242e-01
2.253382259195357284e-01
2.341743418094245355e-01
2.464680320957909343e-01
2.602966768997067026e-01
2.449297720142517565e-01
2.330204415252744576e-01
2.245686854327748616e-01
2.195745037367529684e-01
2.180378964372087225e-01
2.199588635341421239e-01
2.253374050275532281e-01
2.341735209174420351e-01
2.464672112038084340e-01
2.602962067062331575e-01
2.449293018207782113e-01
2.330199713318009125e-01
2.245682152393013165e-01
2.195740335432794232e-01
2.180374262437351773e-01
2.199583933406685787e-01
2.253369348340796829e-01
2.341730507239684345e-01
2.464667410103349443e-01
2.602959373871970850e-01
2.449290325017421388e-01
2.330197020127648400e-01
2.245679459202652439e-01
2.195737642242433507e-01
2.180371569246991048e-01
2.199581240216325062e-01
2.253366655150436104e-01
2.341727814049323619e-01
2.464664716912988718e-01
2.602957831257388110e-01
2.449288782402838649e-01
2.330195477513065661e-01
2.245677916588069700e-01
2.195736099627850768e-01
2.180370026632408309e-01
2.199579697601742323e-01
2.253365112535853365e-01
2.341726271434740880e-01
2.464663174298405979e-01
2.602956947673533694e-01
2.449287898818984233e-01
2.330194593929211244e-01
2.245677033004215284e-01
2.195735216043996352e-01
2.180369143048553893e-01
2.199578814017887907e-01
2.253364228951998949e-01
2.341725387850887019e-01
2.464662290714551007e-01
2.602956441571494528e-01
2.449287392716945067e-01
2.330194087827172078e-01
2.245676526902176118e-01
2.195734709941957186e-01
2.180368636946514727e-01
2.199578307915848741e-01
2.253363722849959783e-01
2.341724881748847853e-01
2.464661784612511841e-01
2.602956151684729380e-01
2.449287102830179919e-01
2.330193797940406930e-01
2.245676237015410970e-01
2.195734420055192038e-01
2.180368347059749579e-01
2.199578018029083593e-01
2.253363432963194635e-01
2.341724591862082150e-01
2.464661494725747248e-01
2.602955985642451675e-01
2.449286936787902214e-01
2.330193631898129225e-01
2.245676070973133265e-01
2.195734254012914333e-01
2.180368181017471874e-01
2.199577851986805888e-01
2.253363266920916930e-01
2.341724425819804445e-01
2.464661328683469543e-01
2.602955890536220451e-01
2.449286841681670990e-01
2.330193536791898001e-01
2.245675975866902041e-01
2.195734158906683109e-01
2.180368085911240650e-01
2.199577756880574664e-01
2.253363171814685706e-01
2.341724330713573776e-01
2.464661233577237764e-01
2.602955836060967254e-01
2.449286787206417793e-01
2.330193482316644804e-01
2.245675921391648844e-01
2.195734104431429912e-01
2.180368031435987453e-01
2.199577702405321467e-01
2.253363117339432509e-01
2.341724276238320579e-01
2.464661179101984567e-01
2.602955804858457789e-01
2.449286756003908327e-01
2.330193451114135339e-01
2.245675890189139379e-01
2.195734073228920447e-01
2.180368000233477987e-01
2.199577671202812001e-01
2.253363086136923044e-01
2.341724245035811114e-01
2.464661147899475102e-01
2.602955786986183018e-01
2.449286738131633556e-01
2.330193433241860568e-01
2.245675872316864607e-01
2.195734055356645675e-01
2.180367982361203216e-01
2.199577653330537230e-01
2.253363068264648272e-01
2.341724227163536343e-01
2.464661130027200331e-01
2.602955776749243944e-01
2.449286727894694482e-01
2.330193423004921494e-01
2.245675862079925533e-01
2.195734045119706601e-01
2.180367972124264142e-01
2.199577643093598156e-01
2.253363058027709198e-01
2.341724216926597268e-01
2.464661119790261257e-01
2.602955770885697628e-01
2.449286722031148167e-01
2.330193417141375178e-01
2.245675856216379218e-01
2.195734039256160286e-01
2.180367966260717827e-01
2.199577637230051841e-01
2.253363052164162883e-01
2.341724211063050953e-01
2.464661113926714942e-01
2.602955767527155850e-01
2.449286718672606389e-01
2.330193413782833400e-01
2.245675852857837440e-01
2.195734035897618508e-01
2.180367962902176049e-01
2.199577633871510063e-01
2.253363048805621105e-01
2.341724207704508620e-01
2.464661110568173719e-01
2.602955765603440219e-01
2.449286716748890758e-01
2.330193411859117769e-01
2.245675850934121809e-01
2.195734033973902877e-01
2.180367960978460418e-01
2.199577631947794432e-01
2.253363046881905474e-01
2.341724205780792989e-01
2.464661108644458087e-01
2.602955764501568292e-01
2.449286715647018831e-01
2.330193410757245842e-01
2.245675849832249882e-01
2.195734032872030950e-01
2.180367959876588491e-01
2.199577630845922505e-01
2.253363045780033547e-01
2.341724204678921062e-01
2.464661107542586160e-01
2.602955763870433703e-01
2.449286715015884242e-01
2.330193410126111253e-01
2.245675849201115293e-01
2.195734032240896361e-01
2.180367959245453902e-01
2.199577630214787916e-01
2.253363045148898958e-01
2.341724204047787028e-01
2.464661106911451016e-01
2.602955763508930098e-01
2.449286714654380637e-01
2.330193409764607648e-01
2.245675848839611688e-01
2.195734031879392756e-01
2.180367958883950297e-01
2.199577629853284311e-01
2.253363044787395353e-01
2.341724203686282868e-01
2.464661106549947966e-01
2.602955763301867398e-01
2.449286714447317936e-01
2.330193409557544948e-01
2.245675848632548988e-01
2.195734031672330056e-01
2.180367958676887596e-01
2.199577629646221610e-01
2.253363044580332653e-01
2.341724203479220723e-01
2.464661106342884711e-01
